280,67.16
285,66.91
290,66.91
295,66.91
300,66.91
305,66.91
310,66.66
315,66.66
320,66.66
325,66.66
330,66.91
335,66.66
340,63.41
345,64.66
350,65.91
355,64.91
360,66.91
365,68.41
370,68.66
375,69.66
380,70.41
385,71.41
390,72.41
395,73.16
400,73.66
405,74.41
410,74.91
415,75.41
420,75.66
425,76.41
430,77.66
435,75.66
440,74.41
445,73.16
450,72.41
455,71.66
460,70.66
465,69.91
470,68.66
475,67.91
25.22
New calibration applied!
480,24.47
485,23.72
490,24.22
495,24.47
500,24.47
505,24.47
510,24.47
27.22
New calibration applied!
515,27.22
520,24.72
525,26.22
530,28.22
535,29.47
540,30.47
545,31.97
550,32.72
555,33.47
560,34.22
565,34.47
570,34.72
575,35.22
580,35.47
585,35.72
590,35.72
595,36.47
600,36.72
605,36.97
610,37.22
615,37.72
620,37.97
625,37.97
630,38.22
635,38.22
640,38.47
645,38.47
650,38.72
655,38.72
660,39.22
665,39.22
670,39.22
675,39.22
680,39.22
685,39.22
690,39.47
695,39.47
700,39.72
705,39.72
710,39.72
715,39.72
720,39.72
725,39.72
730,39.97
735,39.72
740,39.97
745,39.97
750,39.97
755,39.72
760,39.97
765,39.72
770,39.97
775,39.97
780,40.22
785,40.22
790,40.22
795,40.22
800,40.22
805,40.22
810,40.22
815,40.22
820,40.47
825,40.47
830,40.47
835,40.47
840,40.47
845,40.72
850,40.72
855,40.72
860,40.47
865,40.72
870,40.47
875,40.47
880,40.47
885,40.72
890,40.72
895,40.72
900,40.72
905,40.72
910,40.97
915,40.72
920,40.72
925,40.47
930,40.72
935,40.97
940,40.72
945,40.72
950,40.47
955,40.47
960,40.22
965,40.22
970,40.47
975,40.47
980,40.72
985,40.47
990,40.47
995,40.72
1000,40.72
1005,40.72
1010,40.47
1015,40.72
1020,40.47
1025,40.72
1030,40.47
1035,40.22
1040,39.97
1045,39.97
1050,39.72
1055,39.72
1060,39.72
1065,39.97
1070,39.97
1075,39.97
1080,39.72
1085,39.72
1090,39.72
1095,39.97
1100,39.72
1105,39.97
1110,39.97
1115,40.22
1120,40.22
1125,39.97
1130,39.72
1135,39.72
1140,39.47
1145,39.72
1150,39.72
1155,39.97
1160,39.97
1165,39.72
1170,39.72
1175,39.72
1180,40.22
1185,40.47
1190,40.47
1195,39.97
1200,40.22
1205,40.22
1210,40.47
1215,40.47
1220,40.47
1225,40.22
1230,40.47
1235,40.47
1240,40.22
1245,40.47
1250,40.47
1255,40.72
1260,40.97
1265,40.72
1270,40.72
1275,41.22
1280,40.22
1285,39.72
1290,39.47
1295,38.97
1300,37.47
1305,36.72
1310,36.22
1315,35.72
1320,35.47
1325,35.22
1330,34.97
1335,34.72
1340,34.47
1345,34.47
1350,33.97
1355,33.72
1360,33.47
1365,33.22
1370,32.97
1375,32.72
1380,32.72
1385,32.47
1390,32.22
1395,32.22
1400,31.97
1405,32.22
1410,32.22
1415,32.22
1420,32.22
1425,32.22
1430,32.22
1435,31.97
1440,32.22
1445,32.22
1450,31.97
1455,32.22
1460,31.97
1465,31.97
1470,31.72
1475,31.72
1480,31.97
1485,31.97
1490,31.72
1495,31.72
1500,31.22
1505,31.47
1510,31.22
1515,31.22
1520,30.97
1525,30.97
1530,31.22
1535,31.47
1540,31.47
1545,31.72
1550,31.72
1555,31.47
1560,31.22
1565,31.47
1570,31.22
1575,31.22
1580,30.97
1585,31.47
1590,31.47
1595,30.97
1600,30.97
1605,30.72
1610,30.72
1615,30.72
1620,30.97
1625,30.97
1630,30.97
1635,31.22
1640,31.22
1645,31.22
1650,30.97
1655,30.72
1660,30.72
1665,30.72
1670,30.72
1675,30.72
1680,30.72
1685,30.72
1690,30.72
1695,30.97
1700,30.72
1705,30.97
1710,30.72
1715,30.72
1720,30.72
1725,30.97
1730,30.97
1735,30.72
1740,30.72
1745,30.72
1750,30.72
1755,30.72
1760,30.72
1765,30.72
1770,30.72
1775,30.72
1780,30.72
1785,30.72
1790,30.72
1795,30.72
1800,30.72
1805,30.72
1810,30.72
1815,30.47
1820,30.72
1825,30.72
1830,30.72
1835,30.97
1840,30.97
1845,30.72
1850,30.97
1855,30.97
1860,30.72
1865,30.72
1870,30.72
1875,30.72
1880,30.72
1885,30.72
1890,30.72
1895,30.72
1900,30.72
1905,30.72
1910,30.72
1915,30.72
1920,30.72
1925,30.97
1930,30.72
1935,30.97
1940,30.72
1945,30.72
1950,30.72
1955,30.72
1960,30.72
1965,30.97
1970,30.72
1975,30.97
1980,30.97
1985,30.97
1990,30.97
1995,30.72
2000,30.72
2005,30.72
2010,30.72
2015,30.72
2020,30.47
2025,30.72
2030,30.47
2035,30.47
2040,30.72
2045,30.72
2050,30.72
2055,30.72
2060,30.72
2065,30.47
2070,30.47
2075,30.47
2080,30.47
2085,30.47
2090,30.47
2095,30.47
2100,30.72
2105,30.47
2110,30.47
2115,30.22
2120,30.72
2125,30.47
2130,30.72
2135,30.47
2140,30.72
2145,30.72
2150,30.47
2155,30.47
2160,30.47
2165,30.47
2170,30.47
2175,30.47
2180,30.72
2185,30.47
2190,30.47
2195,30.47
2200,30.47
2205,30.47
2210,30.72
2215,30.47
2220,30.47
2225,30.47
2230,30.47
2235,30.47
2240,30.22
2245,30.22
2250,29.97
2255,29.97
2260,29.97
2265,30.22
2270,30.22
2275,29.97
2280,30.22
2285,30.22
2290,30.22
2295,30.22
2300,30.22
2305,30.22
2310,30.47
2315,30.22
2320,30.22
2325,30.22
2330,30.47
2335,30.22
2340,30.22
2345,30.22
2350,30.22
2355,30.22
2360,30.22
2365,30.22
2370,30.22
2375,29.97
2380,29.72
2385,30.22
2390,29.97
2395,29.97
2400,29.72
2405,29.97
2410,30.22
2415,30.22
2420,30.22
2425,30.22
2430,30.22
2435,30.22
2440,30.22
2445,29.97
2450,29.72
2455,29.97
2460,29.72
2465,29.72
2470,29.72
2475,29.47
2480,29.72
2485,29.47
2490,29.22
2495,29.22
2500,29.47
2505,29.22
2510,29.47
2515,29.22
2520,29.47
2525,29.47
2530,29.47
2535,29.72
2540,29.72
2545,29.72
2550,29.72
2555,29.72
2560,29.72
2565,29.72
2570,29.72
2575,29.72
2580,29.72
2585,29.72
2590,29.72
2595,29.72
2600,29.72
2605,29.97
2610,29.72
2615,29.72
2620,29.47
2625,29.47
2630,29.22
2635,29.47
2640,29.47
2645,29.22
2650,29.47
2655,29.22
2660,29.22
2665,29.47
2670,29.47
2675,29.22
2680,29.22
2685,29.47
2690,29.72
2695,29.72
2700,29.72
2705,29.72
2710,29.47
2715,29.47
2720,29.47
2725,29.47
2730,29.47
2735,29.47
2740,29.22
2745,29.47
2750,29.22
2755,29.22
2760,29.22
2765,29.47
2770,29.47
2775,29.47
2780,29.47
2785,29.47
2790,29.47
2795,29.47
2800,29.72
2805,29.72
2810,29.47
2815,29.72
2820,29.72
2825,29.47
2830,29.47
2835,29.47
2840,29.47
2845,29.22
2850,29.47
2855,29.47
2860,29.47
2865,29.47
2870,29.47
2875,29.72
2880,29.97
2885,29.97
2890,29.97
2895,29.97
2900,29.72
2905,29.47
2910,29.47
2915,29.47
2920,29.47
2925,29.47
2930,29.47
2935,29.22
2940,29.22
2945,29.47
2950,29.22
2955,28.97
2960,29.22
2965,28.97
2970,29.22
2975,29.22
2980,28.97
2985,29.47
2990,29.47
2995,29.47
3000,29.47
3005,29.47
3010,29.22
3015,29.47
3020,29.47
3025,29.47
3030,29.47
3035,29.47
3040,29.47
3045,29.22
3050,29.72
3055,29.72
3060,29.97
3065,29.97
3070,29.97
3075,30.22
3080,29.97
3085,29.72
3090,29.72
3095,29.72
3100,29.47
3105,29.47
3110,29.47
3115,29.47
3120,29.22
3125,29.22
3130,29.47
3135,29.22
3140,29.22
3145,29.22
3150,29.22
3155,29.22
3160,29.22
3165,29.47
3170,29.47
3175,29.47
3180,29.47
3185,29.47
3190,29.47
3195,29.47
3200,29.47
3205,28.97
3210,28.97
3215,29.22
3220,29.22
3225,29.22
3230,29.22
3235,29.47
3240,29.47
3245,29.22
3250,28.97
3255,29.22
3260,29.47
3265,29.22
3270,28.97
3275,28.97
3280,28.97
3285,28.97
3290,28.97
3295,28.97
3300,28.97
3305,28.97
3310,29.22
3315,29.22
3320,29.22
3325,29.22
3330,29.47
3335,29.47
3340,29.72
3345,29.47
3350,29.47
3355,29.47
3360,29.47
3365,29.22
3370,29.22
3375,29.47
3380,29.47
3385,29.47
3390,29.47
3395,29.72
3400,29.47
3405,29.47
3410,29.22
3415,29.22
3420,29.22
3425,29.22
3430,29.22
3435,29.22
3440,28.97
3445,29.22
3450,29.22
3455,29.22
3460,29.47
3465,29.47
3470,29.47
3475,29.22
3480,29.22
3485,29.22
3490,29.22
3495,29.22
3500,29.22
3505,29.22
3510,28.97
3515,28.97
3520,28.97
3525,28.97
3530,29.22
3535,28.97
3540,28.97
3545,28.97
3550,28.97
3555,28.97
3560,28.97
3565,28.97
3570,28.97
3575,29.22
3580,29.22
3585,29.22
3590,29.47
3595,29.47
3600,29.47
3605,29.72
3610,29.22
3615,29.47
3620,29.47
3625,29.47
3630,29.47
3635,29.22
3640,29.22
3645,29.22
3650,29.22
3655,28.97
3660,28.97
3665,29.22
3670,29.22
3675,28.97
3680,28.72
3685,28.72
3690,28.97
3695,28.72
3700,28.72
3705,28.72
3710,28.97
3715,28.72
3720,28.72
3725,28.97
3730,28.97
3735,28.97
3740,28.97
3745,29.22
3750,29.22
3755,29.22
3760,29.47
3765,29.22
3770,29.47
3775,28.97
3780,29.22
3785,28.97
3790,29.22
3795,29.22
3800,28.97
3805,29.22
3810,29.22
3815,29.22
3820,28.97
3825,29.22
3830,29.22
3835,29.22
3840,29.47
3845,29.47
3850,29.47
3855,29.47
3860,29.47
3865,29.22
3870,29.22
3875,29.22
3880,29.47
3885,29.47
3890,29.47
3895,29.47
3900,29.22
3905,29.22
3910,29.47
3915,29.47
3920,29.22
3925,29.22
3930,29.22
3935,29.47
3940,29.47
3945,29.47
3950,29.47
3955,29.72
3960,29.72
3965,29.47
3970,29.72
3975,29.47
3980,29.47
3985,29.47
3990,29.22
3995,28.97
4000,29.22
4005,28.97
4010,28.97
4015,29.22
4020,29.22
4025,28.97
4030,29.22
4035,28.97
4040,29.22
4045,29.47
4050,29.22
4055,29.47
4060,29.47
4065,29.22
4070,29.22
4075,29.22
4080,29.22
4085,29.22
4090,28.97
4095,29.22
4100,28.97
4105,28.97
4110,28.97
4115,28.97
4120,28.97
4125,28.97
4130,28.72
4135,28.72
4140,28.72
4145,28.97
4150,28.97
4155,29.47
4160,29.47
4165,29.22
4170,29.22
4175,29.22
4180,29.47
4185,29.22
4190,29.47
4195,29.22
4200,29.47
4205,30.22
4210,31.97
4215,32.97
4220,34.72
4225,36.72
4230,35.72
4235,40.97
4240,42.47
4245,43.22
4250,43.97
4255,44.47
4260,45.47
4265,45.97
4270,46.47
4275,46.97
4280,47.47
4285,47.72
4290,47.97
4295,48.47
4300,49.22
4305,49.72
4310,49.97
4315,49.97
4320,49.97
4325,49.72
4330,50.22
4335,50.22
4340,50.22
4345,49.97
4350,49.97
4355,50.47
4360,50.47
4365,51.22
4370,51.72
4375,51.72
4380,51.47
4385,51.72
4390,52.22
4395,52.22
4400,52.22
4405,51.97
4410,51.97
4415,51.22
4420,51.22
4425,51.47
4430,51.47
4435,51.47
4440,51.72
4445,51.72
4450,52.22
4455,52.22
4460,52.22
4465,52.47
4470,52.72
4475,52.97
4480,52.97
4485,52.72
4490,52.97
4495,52.72
4500,52.72
4505,52.97
4510,52.47
4515,52.47
4520,52.47
4525,52.47
4530,52.47
4535,52.72
4540,53.22
4545,53.22
4550,52.97
4555,52.72
4560,52.72
4565,52.47
4570,52.72
4575,52.72
4580,52.72
4585,52.72
4590,52.97
4595,52.97
4600,52.72
4605,52.72
4610,53.22
4615,53.47
4620,53.22
4625,52.97
4630,52.72
4635,52.22
4640,52.47
4645,53.22
4650,52.97
4655,53.22
4660,53.22
4665,53.72
4670,53.22
4675,53.22
4680,53.22
4685,53.22
4690,53.22
4695,53.47
4700,53.47
4705,53.72
4710,53.72
4715,53.72
4720,53.97
4725,53.97
4730,54.22
4735,54.22
4740,54.47
4745,54.47
4750,54.72
4755,54.47
4760,54.47
4765,54.72
4770,54.47
4775,54.47
4780,54.47
4785,54.47
4790,54.72
4795,54.22
4800,54.22
4805,53.47
4810,52.72
4815,52.97
4820,53.47
4825,53.47
4830,53.97
4835,54.22
4840,54.47
4845,54.47
4850,54.47
4855,54.47
4860,54.72
4865,54.47
4870,54.72
4875,54.72
4880,54.47
4885,54.22
4890,54.22
4895,53.72
4900,53.72
4905,53.97
4910,54.47
4915,54.72
4920,54.47
4925,54.47
4930,54.22
4935,54.47
4940,54.47
4945,54.97
4950,54.97
4955,54.72
4960,54.72
4965,54.97
4970,54.97
4975,55.22
4980,55.22
4985,54.97
4990,54.97
4995,55.22
5000,55.22
5005,55.47
5010,55.47
5015,54.97
5020,54.97
5025,54.97
5030,54.97
5035,54.72
5040,54.97
5045,52.47
5050,50.47
5055,49.22
5060,50.72
5065,49.97
5070,53.97
5075,56.72
5080,58.97
5085,60.47
5090,61.72
5095,62.22
5100,63.47
5105,63.97
5110,64.97
5115,65.47
5120,66.22
5125,66.72
5130,67.22
5135,67.72
5140,67.72
5145,67.97
5150,68.47
5155,68.72
5160,69.22
5165,69.47
5170,69.47
5175,69.47
5180,69.47
5185,69.47
5190,70.22
5195,70.47
5200,70.72
5205,70.72
5210,70.97
5215,70.72
5220,70.72
5225,70.97
5230,70.97
5235,71.22
5240,71.47
5245,71.47
5250,71.22
5255,71.22
5260,70.97
5265,70.72
5270,70.72
5275,70.97
5280,70.72
5285,70.72
5290,70.97
5295,71.47
5300,71.72
5305,71.97
5310,72.47
5315,72.72
5320,72.22
5325,72.22
5330,72.47
5335,72.47
5340,72.72
5345,72.97
5350,72.72
5355,72.72
5360,72.97
5365,72.97
5370,72.97
5375,72.22
5380,72.72
5385,73.22
5390,72.97
5395,73.22
5400,73.22
5405,73.22
5410,73.22
5415,72.97
5420,73.22
5425,72.97
5430,72.72
5435,74.97
5440,76.47
5445,78.97
5450,80.97
5455,82.47
5460,84.22
5465,85.72
5470,86.47
5475,86.97
5480,87.47
5485,88.47
5490,89.22
5495,89.97
5500,90.47
5505,90.72
5510,90.97
5515,90.97
5520,90.97
5525,91.47
5530,92.47
5535,92.47
5540,93.22
5545,93.47
5550,93.47
5555,93.47
5560,93.22
5565,92.97
5570,92.97
5575,93.22
5580,93.72
5585,93.97
5590,93.72
5595,93.97
5600,93.97
5605,93.97
5610,94.22
5615,94.72
5620,94.47
5625,94.47
5630,95.22
5635,95.47
5640,95.97
5645,96.22
5650,95.97
5655,95.47
5660,95.72
5665,95.97
5670,96.22
5675,95.72
5680,96.22
5685,96.22
5690,96.47
5695,96.72
5700,96.72
5705,96.22
5710,95.97
5715,95.72
5720,95.22
5725,94.72
5730,94.47
5735,94.97
5740,95.47
5745,95.22
5750,95.22
5755,94.97
5760,95.47
5765,95.22
5770,95.22
5775,95.22
5780,95.22
5785,95.47
5790,95.72
5795,95.97
5800,95.97
5805,95.72
5810,95.72
5815,95.97
5820,95.47
5825,95.72
5830,96.22
5835,95.97
5840,95.97
5845,95.22
5850,94.72
5855,94.97
5860,94.97
5865,95.47
5870,96.22
5875,96.72
5880,96.72
5885,95.97
5890,95.97
5895,95.72
5900,96.22
5905,95.72
5910,95.47
5915,96.22
5920,83.97
5925,76.22
5930,71.47
5935,66.72
5940,62.97
5945,59.22
5950,56.47
5955,53.72
5960,51.47
5965,49.97
5970,48.72
5975,47.47
5980,45.97
5985,44.97
5990,43.97
5995,42.97
6000,41.97
6005,40.97
6010,40.47
6015,39.47
6020,38.97
6025,38.47
6030,38.22
6035,37.47
6040,37.22
6045,36.97
6050,36.72
6055,35.47
6060,35.47
6065,35.22
6070,34.72
6075,34.22
6080,33.97
6085,33.72
6090,33.72
6095,33.22
6100,32.72
6105,32.47
6110,32.22
6115,31.97
6120,31.72
6125,31.72
6130,31.72
6135,31.47
6140,31.47
6145,31.22
6150,30.72
6155,30.47
6160,30.22
6165,29.97
6170,29.97
6175,29.97
6180,29.72
6185,29.72
6190,29.72
6195,29.72
6200,29.47
6205,29.72
6210,29.47
6215,29.47
6220,29.22
6225,28.97
6230,28.47
6235,28.72
6240,28.47
6245,28.22
6250,28.22
6255,28.22
6260,27.97
6265,28.22
6270,27.97
6275,27.97
6280,27.72
6285,27.72
6290,27.72
6295,27.72
6300,27.72
6305,27.72
6310,27.72
6315,27.47
6320,27.47
6325,27.47
6330,27.22
6335,26.97
6340,26.97
6345,26.97
6350,27.22
6355,26.97
6360,27.22
6365,26.97
6370,27.22
6375,26.97
6380,26.97
6385,26.97
6390,26.97
6395,26.97
6400,26.97
6405,26.97
6410,26.97
6415,26.97
6420,26.97
6425,26.97
6430,26.97
6435,26.97
6440,26.97
6445,26.97
6450,26.97
6455,26.97
6460,26.72
6465,26.47
6470,26.72
6475,26.47
6480,26.72
6485,26.47
6490,26.72
6495,26.72
6500,26.72
6505,26.47
6510,26.72
6515,26.72
6520,26.72
6525,26.47
6530,26.47
6535,26.72
6540,26.47
6545,26.47
6550,26.47
6555,26.47
6560,26.47
6565,26.47
6570,26.47
6575,26.72
6580,26.47
6585,26.47
6590,26.47
6595,26.47
6600,26.47
6605,26.47
6610,26.47
6615,26.47
6620,26.47
6625,26.47
6630,26.72
6635,26.72
6640,26.47
6645,26.72
6650,26.47
6655,26.72
6660,26.72
6665,26.72
6670,26.72
6675,26.22
6680,26.47
6685,26.22
6690,26.22
6695,26.22
6700,26.22
6705,25.97
6710,25.97
6715,25.97
6720,25.97
6725,25.97
6730,25.72
6735,25.72
6740,25.47
6745,25.72
6750,25.47
6755,25.47
6760,25.47
6765,25.47
6770,25.47
6775,25.72
6780,25.47
6785,25.72
6790,25.47
6795,25.47
6800,25.72
6805,25.72
6810,25.72
6815,25.97
6820,25.72
6825,25.72
6830,25.97
6835,26.22
6840,25.97
6845,25.97
6850,25.97
6855,25.97
6860,25.97
6865,25.97
6870,25.97
6875,26.22
6880,25.97
6885,23.72
6890,24.47
6895,24.72
6900,24.97
6905,25.47
6910,25.72
6915,25.97
6920,25.97
6925,26.47
6930,26.47
6935,26.47
6940,26.47
6945,26.47
6950,26.72
6955,26.72
6960,26.72
6965,26.97
6970,26.97
6975,27.22
6980,27.47
6985,27.47
6990,27.47
6995,27.22
7000,27.72
7005,27.47
7010,27.97
7015,27.97
7020,27.97
7025,27.97
7030,27.97
7035,27.97
7040,28.22
7045,27.97
7050,28.22
7055,28.22
7060,28.22
7065,28.47
7070,28.47
7075,28.22
7080,28.22
7085,28.22
7090,28.47
7095,28.47
7100,28.47
7105,28.72
7110,28.72
7115,28.72
7120,28.47
7125,28.47
7130,28.47
7135,28.72
7140,28.72
7145,28.97
7150,28.97
7155,28.97
7160,28.97
7165,28.97
7170,28.97
7175,28.97
7180,28.97
7185,28.97
7190,28.97
7195,28.97
7200,28.97
7205,29.22
7210,28.97
7215,28.97
7220,28.97
7225,29.22
7230,28.97
7235,29.22
7240,28.97
7245,28.97
7250,28.97
7255,29.22
7260,28.97
7265,28.97
7270,28.97
7275,29.22
7280,29.22
7285,29.22
7290,28.97
7295,29.22
7300,28.97
7305,28.97
7310,28.97
7315,28.97
7320,28.97
7325,29.22
7330,29.22
7335,29.22
7340,29.47
7345,29.22
7350,28.97
7355,28.97
7360,28.97
7365,28.97
7370,29.22
7375,28.97
7380,28.97
7385,29.47
7390,29.22
7395,29.22
7400,29.22
7405,29.22
7410,29.22
7415,28.97
7420,29.22
7425,29.47
7430,29.22
7435,29.22
7440,29.22
7445,29.22
7450,29.22
7455,29.22
7460,29.22
7465,29.47
7470,28.97
7475,29.22
7480,29.22
7485,29.22
7490,29.22
7495,29.22
7500,29.22
7505,29.22
7510,29.22
7515,29.22
7520,29.22
7525,29.47
7530,29.22
7535,29.47
7540,29.22
7545,29.47
7550,28.97
7555,29.22
7560,29.22
7565,29.22
7570,29.47
7575,29.47
7580,29.22
7585,29.47
7590,29.47
7595,29.22
7600,29.22
7605,29.22
7610,29.47
7615,29.22
7620,29.22
7625,29.22
7630,29.47
7635,29.22
7640,29.22
7645,29.22
7650,29.22
7655,29.22
7660,29.22
7665,29.22
7670,29.47
7675,29.47
7680,29.22
7685,29.22
7690,29.47
7695,29.22
7700,29.22
7705,29.22
7710,29.22
7715,29.47
7720,29.22
7725,29.47
7730,29.47
7735,29.22
7740,29.22
7745,29.47
7750,29.47
7755,29.22
7760,29.47
7765,29.22
7770,29.22
7775,29.47
7780,29.22
7785,29.47
7790,29.22
7795,28.97
7800,29.22
7805,29.22
7810,29.22
7815,28.97
7820,28.97
7825,29.97
7830,31.22
7835,31.97
7840,32.47
7845,32.47
7850,32.97
7855,33.22
7860,33.47
7865,33.97
7870,33.97
7875,33.97
7880,34.47
7885,34.47
7890,34.22
7895,34.72
7900,34.72
7905,34.72
7910,34.97
7915,35.22
7920,35.22
7925,35.22
7930,35.47
7935,35.72
7940,35.72
7945,35.72
7950,35.72
7955,35.97
7960,35.97
7965,35.97
7970,36.22
7975,36.22
7980,36.47
7985,36.22
7990,36.47
7995,36.47
8000,36.47
8005,36.72
8010,36.47
8015,36.72
8020,36.97
8025,37.22
8030,36.97
8035,36.97
8040,36.97
8045,36.97
8050,36.97
8055,36.97
8060,36.97
8065,37.22
8070,37.22
8075,37.22
8080,37.22
8085,37.47
8090,37.22
8095,37.22
8100,37.47
8105,37.47
8110,37.72
8115,37.72
8120,37.72
8125,37.72
8130,37.72
8135,37.97
8140,37.72
8145,37.97
8150,37.72
8155,37.72
8160,37.97
8165,37.97
8170,37.97
8175,37.97
8180,37.97
8185,37.97
8190,37.97
8195,38.22
8200,38.22
8205,37.97
8210,37.97
8215,37.97
8220,37.72
8225,37.22
8230,37.47
8235,37.22
8240,37.22
8245,37.47
8250,37.47
8255,37.72
8260,37.72
8265,37.72
8270,37.72
8275,37.97
8280,37.97
8285,37.72
8290,37.72
8295,37.72
8300,37.72
8305,37.72
8310,37.97
8315,37.97
8320,37.97
8325,38.22
8330,38.22
8335,38.22
8340,38.22
8345,38.22
8350,38.22
8355,37.97
8360,37.97
8365,37.97
8370,38.22
8375,37.97
8380,38.22
8385,37.97
8390,37.97
8395,37.97
8400,38.22
8405,38.47
8410,38.47
8415,38.47
8420,38.22
8425,38.47
8430,38.22
8435,38.22
8440,37.97
8445,37.97
8450,38.22
8455,38.22
8460,38.47
8465,38.22
8470,38.22
8475,38.22
8480,38.72
8485,39.72
8490,40.97
8495,41.72
8500,42.72
8505,42.72
8510,43.47
8515,43.72
8520,43.97
8525,44.22
8530,44.47
8535,44.72
8540,45.22
8545,45.47
8550,45.72
8555,45.72
8560,45.97
8565,45.97
8570,45.97
8575,46.22
8580,46.22
8585,46.22
8590,46.47
8595,46.72
8600,46.97
8605,47.22
8610,47.47
8615,47.47
8620,47.72
8625,47.72
8630,47.72
8635,47.72
8640,47.97
8645,47.72
8650,47.97
8655,47.97
8660,47.97
8665,48.22
8670,48.22
8675,48.22
8680,48.22
8685,48.47
8690,48.47
8695,48.22
8700,48.47
8705,48.47
8710,48.72
8715,48.72
8720,48.72
8725,48.72
8730,48.97
8735,48.72
8740,48.72
8745,48.47
8750,48.72
8755,48.72
8760,48.72
8765,48.97
8770,48.97
8775,49.22
8780,48.97
8785,48.97
8790,48.97
8795,48.72
8800,48.72
8805,48.72
8810,48.72
8815,49.22
8820,48.97
8825,48.97
8830,48.72
8835,49.22
8840,49.22
8845,49.22
8850,49.22
8855,49.47
8860,49.22
8865,49.47
8870,49.47
8875,49.22
8880,49.22
8885,49.47
8890,49.47
8895,49.47
8900,49.22
8905,49.47
8910,49.47
8915,49.47
8920,49.22
8925,49.22
8930,49.47
8935,49.47
8940,49.47
8945,49.47
8950,49.47
8955,49.47
8960,49.22
8965,49.22
8970,49.47
8975,49.22
8980,49.47
8985,49.72
8990,49.22
8995,49.47
9000,49.72
9005,49.47
9010,49.47
9015,49.72
9020,49.47
9025,49.72
9030,49.72
9035,49.72
9040,49.72
9045,49.72
9050,49.72
9055,49.47
9060,49.22
9065,49.47
9070,49.47
9075,49.47
9080,49.72
9085,49.72
9090,49.47
9095,49.47
9100,49.22
9105,49.72
9110,49.47
9115,49.47
9120,49.47
9125,49.72
9130,49.97
9135,49.47
9140,49.47
9145,49.72
9150,49.72
9155,49.47
9160,49.97
9165,49.72
9170,49.97
9175,49.72
9180,49.47
9185,49.72
9190,49.47
9195,49.47
9200,49.47
9205,49.47
9210,49.47
9215,49.72
9220,49.97
9225,49.97
9230,49.72
9235,49.97
9240,49.97
9245,49.72
9250,49.47
9255,49.72
9260,49.97
9265,49.97
9270,49.72
9275,49.72
9280,49.72
9285,49.72
9290,49.47
9295,49.72
9300,49.47
9305,49.72
9310,49.47
9315,49.72
9320,49.72
9325,49.72
9330,49.72
9335,49.72
9340,49.47
9345,49.72
9350,49.97
9355,49.72
9360,49.47
9365,49.47
9370,49.72
9375,49.72
9380,49.97
9385,50.22
9390,49.72
9395,49.47
9400,49.72
9405,49.72
9410,49.97
9415,49.72
9420,49.72
9425,49.47
9430,49.47
9435,49.47
9440,49.47
9445,49.47
9450,49.72
9455,49.72
9460,49.72
9465,49.97
9470,49.97
9475,49.97
9480,49.72
9485,49.72
9490,49.47
9495,49.97
9500,49.97
9505,49.47
9510,49.47
9515,49.47
9520,49.72
9525,49.97
9530,49.97
9535,49.97
9540,50.22
9545,49.97
9550,49.97
9555,49.97
9560,49.97
9565,49.72
9570,50.72
9575,52.47
9580,53.97
9585,55.22
9590,55.72
9595,56.22
9600,56.72
9605,56.97
9610,56.97
9615,57.72
9620,57.97
9625,58.47
9630,58.72
9635,58.72
9640,58.97
9645,59.22
9650,59.72
9655,59.72
9660,59.97
9665,60.22
9670,60.47
9675,60.47
9680,60.22
9685,60.47
9690,60.72
9695,60.97
9700,61.22
9705,61.47
9710,61.72
9715,61.72
9720,61.72
9725,61.72
9730,61.97
9735,62.22
9740,61.97
9745,62.22
9750,62.22
9755,62.22
9760,62.47
9765,62.47
9770,62.47
9775,62.47
9780,62.47
9785,62.97
9790,62.72
9795,62.72
9800,62.97
9805,62.47
9810,62.72
9815,62.47
9820,62.97
9825,63.22
9830,63.22
9835,63.22
9840,63.22
9845,63.22
9850,63.22
9855,63.47
9860,63.22
9865,63.22
9870,63.22
9875,63.22
9880,62.97
9885,62.72
9890,62.72
9895,63.22
9900,63.22
9905,63.47
9910,63.72
9915,63.72
9920,63.72
9925,63.72
9930,63.72
9935,63.72
9940,63.72
9945,63.47
9950,63.72
9955,63.47
9960,63.72
9965,63.72
9970,63.47
9975,63.97
9980,63.97
9985,64.22
9990,64.22
9995,64.22
10000,64.22
10005,63.97
10010,63.97
10015,63.97
10020,64.22
10025,63.97
10030,64.22
10035,63.97
10040,63.97
10045,63.97
10050,63.97
10055,63.72
10060,63.97
10065,63.72
10070,63.97
10075,63.72
10080,63.97
10085,64.22
10090,64.47
10095,64.47
10100,64.22
10105,64.22
10110,64.22
10115,63.72
10120,63.97
10125,63.97
10130,63.97
10135,63.72
10140,63.72
10145,63.97
10150,63.97
10155,63.72
10160,63.97
10165,64.22
10170,64.22
10175,63.97
10180,64.22
10185,63.97
10190,64.22
10195,63.97
10200,63.97
10205,64.22
10210,63.97
10215,63.97
10220,64.22
10225,64.22
10230,63.97
10235,65.97
10240,69.47
10245,71.47
10250,72.22
10255,72.47
10260,73.47
10265,73.97
10270,74.72
10275,75.22
10280,75.47
10285,75.47
10290,75.97
10295,76.47
10300,76.72
10305,76.72
10310,77.22
10315,77.47
10320,77.72
10325,77.72
10330,78.22
10335,78.22
10340,78.47
10345,78.72
10350,79.22
10355,78.97
10360,79.22
10365,78.97
10370,79.22
10375,78.97
10380,79.22
10385,79.22
10390,79.47
10395,79.72
10400,79.97
10405,80.47
10410,80.47
10415,80.47
10420,80.72
10425,80.47
10430,80.22
10435,79.97
10440,80.22
10445,80.72
10450,80.72
10455,80.72
10460,80.97
10465,80.97
10470,80.97
10475,80.97
10480,81.22
10485,81.22
10490,81.22
10495,81.22
10500,81.47
10505,81.47
10510,81.47
10515,81.47
10520,81.72
10525,81.22
10530,81.22
10535,81.47
10540,81.47
10545,81.72
10550,81.47
10555,81.47
10560,81.72
10565,81.97
10570,81.97
10575,82.22
10580,82.22
10585,82.22
10590,82.47
10595,82.72
10600,82.72
10605,82.47
10610,81.97
10615,81.97
10620,81.72
10625,82.47
10630,82.47
10635,82.72
10640,82.72
10645,82.72
10650,82.72
10655,82.97
10660,82.97
10665,82.97
10670,82.97
10675,82.72
10680,82.47
10685,82.22
10690,82.47
10695,82.47
10700,82.47
10705,82.47
10710,82.47
10715,82.47
10720,81.97
10725,82.22
10730,82.72
10735,82.47
10740,82.47
10745,82.47
10750,82.47
10755,82.72
10760,82.97
10765,82.97
10770,82.72
10775,82.97
10780,82.47
10785,82.72
10790,84.97
10795,86.97
10800,87.97
10805,88.72
10810,90.97
10815,93.47
10820,94.72
10825,95.97
10830,96.97
10835,97.47
10840,97.97
10845,98.72
10850,98.47
10855,99.47
10860,100.22
10865,100.47
10870,100.72
10875,100.72
10880,101.22
10885,102.22
10890,102.22
10895,102.97
10900,103.47
10905,103.72
10910,103.97
10915,104.22
10920,104.22
10925,104.47
10930,104.72
10935,104.97
10940,104.97
10945,105.22
10950,105.47
10955,105.97
10960,105.72
10965,105.97
10970,105.47
10975,105.97
10980,106.22
10985,106.22
10990,106.47
10995,106.22
11000,106.72
11005,106.72
11010,106.97
11015,106.72
11020,106.72
11025,106.22
11030,106.47
11035,105.72
11040,106.47
11045,106.47
11050,106.47
11055,106.72
11060,106.47
11065,106.97
11070,106.97
11075,106.97
11080,107.72
11085,107.97
11090,107.97
11095,107.72
11100,107.97
11105,108.47
11110,107.97
11115,108.47
11120,108.47
11125,107.97
11130,108.22
11135,108.22
11140,108.22
11145,108.47
11150,108.47
11155,108.72
11160,107.97
11165,108.22
11170,108.47
11175,108.22
11180,107.97
11185,108.22
11190,108.97
11195,108.97
11200,108.97
11205,108.97
11210,108.47
11215,108.47
11220,107.97
11225,108.97
11230,108.97
11235,108.97
11240,109.22
11245,108.22
11250,109.22
11255,109.47
11260,109.47
11265,109.22
11270,109.22
11275,109.47
11280,109.22
11285,109.22
11290,108.47
11295,108.47
11300,109.72
11305,109.97
11310,109.72
11315,109.72
11320,109.72
11325,109.22
11330,109.72
11335,109.72
11340,109.97
11345,109.22
11350,108.47
11355,108.97
11360,101.72
11365,87.47
11370,79.72
11375,75.72
11380,72.72
11385,69.72
11390,66.97
11395,64.97
11400,62.22
11405,60.97
11410,58.72
11415,56.47
11420,55.22
11425,53.72
11430,52.72
11435,51.72
11440,50.72
11445,49.72
11450,48.22
11455,47.22
11460,45.97
11465,44.72
11470,43.97
11475,43.22
11480,42.97
11485,42.22
11490,41.97
11495,41.47
11500,40.97
11505,40.47
11510,39.72
11515,39.22
11520,38.97
11525,38.47
11530,37.97
11535,37.22
11540,36.72
11545,36.22
11550,35.47
11555,34.97
11560,33.97
11565,33.22
11570,32.47
11575,31.72
11580,31.22
11585,30.47
11590,30.22
11595,29.97
11600,29.47
11605,27.97
11610,27.47
11615,27.47
11620,27.47
11625,27.22
11630,26.97
11635,26.47
11640,26.22
11645,25.72
11650,25.47
11655,24.97
11660,24.97
11665,25.47
11670,24.97
11675,25.97
11680,25.72
11685,24.97
11690,24.97
11695,24.97
11700,24.97
11705,24.72
11710,24.97
11715,24.97
11720,24.72
11725,24.97
11730,24.97
11735,24.72
11740,24.72
11745,24.97
11750,24.72
11755,24.97
11760,24.72
11765,24.97
11770,24.72
11775,24.72
11780,24.97
11785,24.97
11790,24.97
11795,25.22
11800,25.22
11805,25.47
11810,25.47
11815,25.72
11820,25.72
11825,22.47
11830,23.47
11835,24.22
11840,24.97
11845,25.47
11850,25.97
11855,26.22
11860,26.47
11865,26.22
11870,26.22
11875,25.97
11880,25.72
11885,25.72
11890,25.72
11895,25.47
11900,25.22
11905,24.97
11910,24.97
11915,24.72
11920,24.72
11925,24.72
11930,24.72
11935,23.97
11940,24.97
11945,27.22
11950,26.47
11955,26.97
11960,27.22
11965,27.47
11970,27.72
11975,27.72
11980,27.47
11985,27.97
11990,27.97
11995,28.22
12000,27.97
12005,27.97
12010,27.97
12015,28.22
12020,28.22
12025,28.22
12030,28.22
12035,28.22
12040,28.22
12045,27.97
12050,28.22
12055,28.22
12060,28.22
12065,28.22
12070,28.47
12075,29.72
12080,30.47
12085,31.22
12090,31.97
12095,32.47
12100,32.72
12105,32.97
12110,33.22
12115,33.47
12120,33.47
12125,33.47
12130,33.47
12135,33.72
12140,33.97
12145,33.97
12150,34.22
12155,34.22
12160,34.22
12165,34.22
12170,33.97
12175,34.22
12180,34.22
12185,34.22
12190,33.97
12195,33.97
12200,33.97
12205,34.22
12210,34.22
12215,34.72
12220,35.97
12225,37.47
12230,38.47
12235,39.22
12240,39.97
12245,40.47
12250,40.47
12255,40.97
12260,41.47
12265,41.47
12270,41.97
12275,41.97
12280,41.97
12285,42.22
12290,42.22
12295,41.97
12300,41.97
12305,42.22
12310,42.22
12315,42.22
12320,42.22
12325,41.97
12330,42.22
12335,42.22
12340,42.22
12345,42.47
12350,42.47
12355,42.22
12360,42.47
12365,42.72
12370,42.72
12375,42.72
12380,42.22
12385,42.47
12390,42.22
12395,42.97
12400,42.97
12405,42.72
12410,42.72
12415,42.72
12420,42.47
12425,42.72
12430,42.72
12435,42.47
12440,42.72
12445,42.72
12450,42.47
12455,42.47
12460,42.22
12465,41.97
12470,42.22
12475,42.22
12480,42.22
12485,42.97
12490,42.22
12495,42.22
12500,42.47
12505,42.72
12510,42.47
12515,41.97
12520,42.22
12525,41.97
12530,42.72
12535,42.72
12540,42.97
12545,42.97
12550,44.22
12555,46.22
12560,48.22
12565,49.47
12570,50.47
12575,50.97
12580,51.97
12585,52.47
12590,52.72
12595,52.72
12600,52.72
12605,52.72
12610,53.22
12615,53.47
12620,53.47
12625,53.72
12630,53.47
12635,53.72
12640,53.72
12645,53.72
12650,53.72
12655,53.72
12660,53.97
12665,53.72
12670,53.72
12675,53.72
12680,53.97
12685,53.97
12690,54.22
12695,54.47
12700,54.47
12705,54.22
12710,54.22
12715,54.22
12720,54.22
12725,54.22
12730,54.22
12735,53.97
12740,54.22
12745,56.22
12750,58.97
12755,60.97
12760,62.72
12765,64.22
12770,65.22
12775,65.97
12780,66.47
12785,66.97
12790,67.72
12795,67.97
12800,68.97
12805,69.22
12810,69.22
12815,69.47
12820,69.22
12825,68.97
12830,68.97
12835,69.47
12840,69.72
12845,69.72
12850,69.72
12855,69.97
12860,69.97
12865,69.97
12870,69.97
12875,70.22
12880,69.97
12885,69.72
12890,69.72
12895,69.97
12900,69.97
12905,70.47
12910,69.97
12915,69.97
12920,70.22
12925,69.97
12930,72.97
12935,73.72
12940,74.72
12945,75.22
12950,76.72
12955,77.22
12960,77.22
12965,77.22
12970,77.47
12975,77.47
12980,77.97
12985,77.47
12990,77.47
166.65
New calibration applied!
12995,166.90
13000,166.65
13005,166.40
13010,166.15
13015,165.90
13020,166.15
13025,165.90
13030,165.90
13035,166.15
13040,166.15
13045,166.40
13050,165.65
13055,165.65
77.77
New calibration applied!
13060,78.02
47.44
New calibration applied!
13065,46.69
77.77
New calibration applied!
13070,77.77
13075,78.52
13080,78.52
13085,78.77
13090,78.52
13095,79.02
13100,79.02
13105,78.77
13110,78.52
13115,78.52
13120,78.52
13125,78.52
13130,79.02
13135,79.27
13140,79.27
13145,79.52
13150,79.52
13155,79.27
13160,79.77
13165,80.02
13170,80.02
13175,79.52
13180,79.27
13185,79.02
13190,79.52
13195,80.02
13200,80.02
13205,80.02
13210,80.27
13215,80.02
13220,79.77
13225,80.02
13230,80.27
13235,80.27
13240,80.02
13245,80.52
13250,80.27
13255,80.02
13260,80.02
13265,79.77
13270,79.77
13275,79.52
13280,80.02
13285,80.02
13290,79.02
13295,79.27
13300,79.52
13305,79.77
13310,80.02
13315,80.02
13320,80.02
13325,79.77
13330,79.77
13335,79.77
13340,80.02
13345,79.52
13350,80.02
13355,79.77
13360,79.77
13365,79.77
13370,79.77
13375,79.77
13380,79.77
13385,80.27
13390,80.27
13395,80.52
13400,80.52
13405,80.27
13410,80.27
13415,79.77
13420,80.27
13425,80.27
13430,80.27
13435,80.27
13440,80.02
13445,79.77
13450,79.77
13455,80.02
13460,79.77
13465,80.02
13470,80.27
13475,80.02
13480,79.77
13485,79.77
13490,79.27
13495,79.27
13500,79.52
13505,80.02
13510,80.02
13515,80.02
13520,80.02
13525,80.27
13530,80.27
13535,80.27
13540,80.27
13545,80.02
13550,80.27
13555,80.02
13560,79.77
13565,79.77
13570,80.02
13575,80.02
13580,80.02
13585,79.77
13590,80.02
13595,79.77
13600,79.52
13605,80.02
13610,79.52
13615,79.77
13620,79.52
13625,79.27
13630,79.27
13635,79.27
13640,79.27
13645,79.02
13650,79.27
13655,79.27
13660,79.27
13665,78.77
13670,78.77
13675,79.02
13680,79.52
13685,80.02
13690,79.77
13695,80.02
13700,80.02
13705,79.77
13710,80.02
13715,80.02
13720,80.52
13725,80.02
13730,80.02
13735,80.27
13740,80.27
13745,80.27
13750,79.77
13755,80.02
13760,80.27
13765,79.77
13770,79.77
13775,79.27
13780,79.02
13785,79.02
13790,79.02
13795,79.02
13800,79.02
13805,79.77
13810,80.02
13815,79.77
13820,80.02
13825,80.02
13830,80.02
13835,80.02
13840,79.52
13845,79.77
13850,79.52
13855,79.52
13860,79.52
13865,79.52
13870,79.27
13875,79.52
13880,79.27
13885,79.77
13890,79.77
13895,79.77
13900,79.77
13905,79.77
13910,80.02
13915,79.52
13920,79.77
13925,79.52
13930,72.77
13935,60.77
13940,55.52
13945,49.27
13950,44.52
13955,41.27
13960,38.52
13965,36.27
13970,34.52
13975,33.02
13980,32.02
13985,31.27
13990,30.52
13995,29.77
14000,29.52
14005,29.27
14010,28.77
14015,28.02
14020,28.02
14025,28.02
14030,27.52
14035,27.77
14040,27.27
14045,27.27
14050,27.27
14055,27.27
14060,27.02
14065,27.02
14070,27.02
14075,27.02
14080,26.77
14085,26.77
14090,27.02
14095,26.77
14100,27.02
14105,27.02
14110,26.77
